1992  3 22  0  7 ALBERTO    66.5  79.2  129  899
1961  4  8 12 12 LESLIE     26.5  34.3  143  792
1962  2  2  0  8 ERNESTO    35.9  33.6   93  336
1991  4 26 12 24 WILLIAM    27.9  59.9  135  196
1986  5 10  0 27 GORDON     34.1 334.3   55  803
1962  8 24 12 10 GORDON     48.1 145.3   10  670
1999  3  9 12 24 KIRK       52.7 335.6   98  219
1998  9 23  0  6 WILLIAM    47.3 237.4  120  878
1980 11  6 12 18 SANDY      15.8  84.2  153   47
1951  1 17 12 17 SANDY      42.6 293.8   60  642
1997  4  5 18 23 VALERIE     7.6   6.9  142  644
1952 12 24  6 20 ISAAC      66.9  46.5   31  804
1957  6 25 12 27 GORDON     37.1  86.6   24  792
1952  9 26  0  4 ISAAC      12.5  11.1   89  307
1979  6 21  0 22 TONY       55.6 259.2   84   71
1962 10  4 12 11 LESLIE     51.7 110.4   64  161
1952 12 22  0 15 VALERIE    14.2  74.6   46  792
1985  3 19  0 20 HELENE     46.6  78.2   46  314
1975  9  2 12 10 GORDON     64.6  88.5  114  331
1981  3  6  6 18 VALERIE    12.1 257.0  100  376
1957  8  4 12 22 NADINE     45.0   9.8  132  538
1983  1 17 18 10 PATTY      17.9 177.8   83  202
1997 10  8  0 10 KIRK       52.9 195.4  119  376
2000  3 23 12  5 FLORENCE   69.3 256.9   35   87
1981  2 11  6 26 OSCAR      14.8  24.5   85  421
1964  9  6  6  5 KIRK       21.6 199.9   29  262
1984  1 14  0 27 ALBERTO    37.3  94.5   28  655
1985  9 23  6  4 LESLIE     49.5 276.5  117  462
1960 10 16  0  2 HELENE     14.5  79.9  157  781
1995  7 16 12 12 SANDY      29.1 135.3   57   70
1988  8 13 18 24 HELENE     63.6  72.4  151  561
2002 12 17 12 24 GORDON     21.3 342.0   54  124
1962  7 21  6 22 LESLIE     35.5 163.9   43   16
1955  1 10 18  9 JOYCE      49.3 162.1   44  461
2002  9 21  0 12 ALBERTO    33.1 195.0   79  637
1983  7  5 18 23 OSCAR      43.6 301.0   37  715
1981  1 11 12 25 DEBBY      27.2 344.5   59   23
1993  1  1  6 10 PATTY      24.5  27.8   63  468
1963  3 18 18  8 HELENE      7.4 342.9  131  783
2004 11 15  6  7 BERYL      48.2 164.4   82  195
1992  9 15 12 28 GORDON     23.5 300.5  131  727
1970  3 12  0 24 NADINE     19.5 117.1  155  269
1956  7 19  6  9 BERYL      19.6 164.3   17  807
1989  5 16  0  1 PATTY      57.8  21.6   46   96
1951  1 17 18 23 BERYL      30.5 140.9  117  544
1977  4  9 18  7 ALBERTO    15.5 193.1  163  151
1989  8  6 12 19 LESLIE     63.3 327.5   92  629
1962 11 19 18  5 WILLIAM    54.6 255.3  147  219
1955  1  3 12 11 PATTY      52.7 289.4   26  884
1962  4  7  0  2 ERNESTO    50.2  90.7  161  182
1960  5 10 12  9 ISAAC      45.5  20.4   21  198
1968  4 19  0  3 DEBBY      68.9 197.4  148  356
1976  7  6  0 11 BERYL      55.9 115.0   37   42
1986  5 22  0 17 MICHAEL    65.1 176.9  142  552
1986  8  9 18 18 NADINE     25.9 213.1   31  189
1993  4  1  6 21 SANDY      33.8 212.3  100  359
1958  3 23  0 12 TONY       17.0 114.5   98  517
1958  6  6  6 11 ERNESTO    65.4  33.0   78  813
1950  6  2  0 26 FLORENCE   43.3 166.8  100  775
1988  2 11 12 20 WILLIAM    41.6 177.4  152  312
1992  2 26  0  9 KIRK       47.1 259.7   16  439
1954 10 24  6 11 MICHAEL    18.6 351.6   70  320
1998  2  2 18 15 ERNESTO    53.6 240.5  143  674
1990  5  9 12  8 KIRK       45.4  35.1   68  801
2002  2  6  6 20 FLORENCE   30.3  53.2   81  351
1995  1  6  6  2 ISAAC      28.0 309.1  120  130
1956  7  8 12  4 MICHAEL    27.0  10.2   98    5
1976 10  4  6 20 FLORENCE   34.1  38.6  134  466
1977  4 21  0  4 OSCAR      15.7  66.9   76  187
1961  8 19  0  1 GORDON     20.2 241.1   92   46
1969  4 10  6 22 WILLIAM    40.4  97.7  108  774
1972  9  5  6 11 KIRK       26.2 284.5  163  370
1959  2  4 18 23 ERNESTO    55.2 232.7   53  753
1976  3  4 12  7 KIRK       15.5   4.0  127  187
1951  9 12 18  7 VALERIE    54.1 163.7  102  407
1980  3 22  6 14 GORDON     10.9  57.1   59  289
1984  8  9  0 13 RAFAEL     45.0 200.2  147  302
1974  6  9 18 27 ISAAC      32.7 176.5   62  501
2004  4  2  0 10 JOYCE      18.9  65.4  109  823
1982  4 17 18  7 TONY       14.9 150.2  129  288
1980 11 20  0 11 GORDON     52.3 190.0  111  825
1992  3  5  0 25 BERYL      31.6 355.5   14  273
1954  2  2 18  8 JOYCE      36.8 113.0   67  618
1987  5 23 18 19 CHRIS      41.4 316.2   10  748
1951  9 21 18  2 KIRK       34.7 336.2   72  899
1958  5  8 18 11 GORDON     10.8  29.7  134  765
1976  9 10 12 18 WILLIAM    35.2 214.0  113  463
1980 10 10  6  4 CHRIS      41.6 270.7   61  857
1955  1 11  6  9 NADINE     55.6 175.4  113  780
1971  8 27  6 22 ISAAC      13.1  50.9   49  388
1952 10 16 18 10 RAFAEL     26.7  54.4  115  502
1961  9 18  6 14 VALERIE    43.9 336.2   32  790
1972  6 14 18 28 DEBBY      47.1  63.0   78  684
1963  3  9  6 26 HELENE     67.2 326.7   91  283
1999  6 16 18  5 OSCAR      29.7 144.3  161  243
1974  6 20 12 20 ERNESTO    18.4 288.5  132  805
1963  5  8  0 22 ISAAC      51.5   8.3   89  664
1994  4 28 12 18 OSCAR      28.1 162.6   74  517
2001 11  1 12 11 VALERIE    49.6 250.9   46  217
1974 12  9 12 10 GORDON     37.2 350.1   53  868
1965  1 10 12 22 TONY       60.8  45.6   82   77
1985 10  1 18  9 ERNESTO    64.6 111.5  115   24
1968  8 21 12 14 FLORENCE   48.2 162.3  114  659
1966  7 27 18 10 OSCAR      53.8  46.8  111  826
1972 10  6 18 11 BERYL      65.7 204.4   50  133
1962  8 15  0 27 ERNESTO    36.5  82.5  113  148
1994 10 14  0 19 WILLIAM    62.6  51.0   16  844
1989 11 11  6 27 DEBBY      47.3 113.0   46  484
1962  4 12  0  9 DEBBY      29.7 354.9   61  300
1998  2 23  6 25 DEBBY      45.6 243.0   34  804
1959  3 13  6 24 WILLIAM    27.3  37.3  160  488
1960  5 27 18 10 CHRIS      34.3  64.3   56  238
1956  7 13  0 27 NADINE     41.1 281.4   10  808
1965  9 25  6 25 ALBERTO    32.5 131.8  123  183
1997  4  4 18 22 JOYCE      38.8 338.1  106  297
1968  1 15  6 23 BERYL      37.0 213.5  130  121
1977  4 12  0 20 LESLIE     65.1 143.3   66  640
1958  1 28  6  7 KIRK       37.2 117.6   51  145
2000  2 26 12  4 SANDY      50.2 287.6  120  624
1969  7 13  6 26 BERYL      27.2  20.1  101  326
1985  3  1 12 12 CHRIS      27.2 244.7  152   93
1973 12  1  0  7 DEBBY      19.9  61.4  104  570
1986  4  7  0 25 JOYCE      46.6 351.9   64  504
1994  1  1  6  9 ALBERTO    12.1  48.6   14  680
1988 12 18 18 13 VALERIE    18.1 128.8   43  398
1978  4  2 18  7 RAFAEL     41.7 192.7  107  766
2002  7  6 12 10 HELENE     26.1 278.8  146   18
1981  2 28  6  6 FLORENCE   28.7 135.5  119  814
2002  3 17 12 19 DEBBY      32.6 162.6  154  771
1975  3 20 18  7 HELENE     21.0 127.7   72  408
1997  6 28  0 19 NADINE     21.8  23.5  137  471
1975  9 10  0 22 DEBBY      57.6 192.2   46  762
1972  5 23 18 14 SANDY      41.2 183.6   55  147
1958  6  5 12 20 FLORENCE   44.9 110.8   20  781
1990 10 25  6 28 MICHAEL    49.4 266.3   27   71
2002 12  6 12 15 OSCAR      64.6   0.9   50   76
1955  9 22 12 16 WILLIAM    19.0 226.7  137  467
1957  9  8 18 27 RAFAEL     52.9 226.4  139  680
1976  8 24 18 22 WILLIAM    18.3 171.6   20  809
1997  6  2  0  9 HELENE     12.3 244.0   57  837
1994  5 18  0 20 SANDY      15.4 276.7   60  624
1992  2  4 12 19 OSCAR      61.9 134.2   12  166
1975  7  9 18 10 LESLIE     21.0 332.5   38  873
1978  4 21 18 23 MICHAEL    12.8 122.0  116   94
1978  2 21 12  7 GORDON     46.5 267.5  105  242
1952 12 18  6  2 RAFAEL     23.0 213.4  127  329
1997 10 10  0 25 FLORENCE    9.8  40.9   98  747
1983 11 26 12  4 WILLIAM    16.7 170.7  108  775
1969  7 18  0  9 PATTY      45.5   8.1  130    4
1976 12  9 12 10 WILLIAM    63.2  38.4  110  620
1975  7 15  6 20 OSCAR      61.2 310.5   51  472
1950  4 18  6 19 TONY       20.4  69.1  126  579
1973  5 27 18 20 CHRIS      17.9  95.2   98  449
1992  4 11  0 18 GORDON     55.6 235.4   77   69
1953  9 15 12 22 MICHAEL    29.1 303.7   40  365
1951  8 16  0 26 BERYL      52.1 183.2   85  723
1958 11  2  6 17 KIRK       69.4 119.3   66  507
1950  4 28 18 27 ALBERTO    56.6  13.3  118  800
1969  3 11 18 22 WILLIAM    32.2  49.4   79  153
1995  9  7 12 22 GORDON     49.2 202.6   64  822
1996  8 20 18 15 MICHAEL    16.4  74.5  154  107
1971  6 28 12 17 KIRK       69.6 242.9   61  649
1952  1 17 12 13 ALBERTO    61.9 295.7   59  648
2002 12 21 18  5 DEBBY      65.6 304.3   66  180
1954  9 14 12 19 CHRIS      60.9  58.8  124  741
2003  1  2 18 25 FLORENCE   35.2 138.8  155  452
1989  5 27 12 27 ALBERTO    20.5 298.1  109  852
1983 10 17  6  9 LESLIE     29.6 109.9  137  124
1983 12 22  0  3 GORDON     59.3  54.2  159  288
1983  6 21 18 14 NADINE     24.9 213.5  135  711
1956  5  2 12 21 NADINE     16.9 192.0  144  883
1989  7 25  6 18 MICHAEL    61.2 219.3   28   24
1992  5 11  0 24 HELENE     32.7 274.0  119  445
1957 12 22 18 28 PATTY      62.6   2.8   12  253
1979  9 12  0  7 RAFAEL     51.1 176.6   80  696
2002  7 11  0  4 ERNESTO    64.9 171.1  122  854
1971  7 25 12  2 SANDY      14.1 262.9   36  182
1958  8 14  0 23 ISAAC      42.2 239.4   30  214
1965  1 28  6 16 CHRIS      26.9 281.5  101  178
1973  3 21 18  6 KIRK       22.5  78.3   37  681
1969  9 24 18 28 PATTY      20.1 351.5   43  128
1950 10  6  0 26 NADINE     67.4 311.7   96  470
1991  7 12  6 27 PATTY      26.8 154.6  162  347
2004  7 21  0  3 ALBERTO    20.3  63.9   31  897
1982  5 23 12  5 WILLIAM    65.6 333.4   43  511
1993  6  2 18  7 BERYL      12.9 148.9  133  174
1957  2 20  0 12 DEBBY      16.9 307.2   97   81
1963  4  8 12 24 CHRIS      30.7 206.8  120  519
1996  2 13  0  8 ALBERTO    50.8 300.0  137  425
1996  6 22 18  5 WILLIAM    36.4  95.6  150  603
1968  2  3 18  1 ISAAC      11.9 131.3  157  881
1997  4 26  6  6 MICHAEL    59.9 286.7   36  326
1984  3 20  0 14 PATTY      34.7 287.0  112  241
1995  2 22 18 28 LESLIE     11.3 344.7   81  183
1982  7 27  0 16 CHRIS      27.4 156.7   38  295
1950 11  4 12 20 FLORENCE   37.5 111.1  116  334
1974  1 13  6  2 HELENE     42.1 102.9  141  241
1998  2  2  0 19 ISAAC      24.5 200.0   81  794
1989  1 16  6 14 NADINE     42.9 313.5   98  632
1964  6 20 12 28 WILLIAM    36.0  19.3   55  646
1988  1 18  0 12 HELENE     35.5 197.4  109  876
1967  2  5  6 10 OSCAR      65.8 196.7   28  801
1985  5  3 18  6 VALERIE    41.3  12.3  103  815
1995  3  9  6 21 BERYL      56.9  51.0  115  785
2001 11 16 12 20 KIRK       66.7 343.0  115  820
1965  9  7 12 16 PATTY      35.1 253.1  152  508
1981  2 15  0 24 MICHAEL    52.1 216.5   86  444
1958  3 16 18 13 OSCAR      16.3 181.3   13  402
1982 11 25 12 17 DEBBY      34.4 110.2   87  423
1972 12  8  0  5 GORDON     19.6 333.1   82  659
1992  7 23  6  8 ERNESTO    13.9 316.1  152  388
1981 12  2 12  9 VALERIE    58.0 151.1   23  781
1958  1 10  6  8 LESLIE     15.1   2.0  141  753
1962 11  9  6 10 BERYL      46.4 320.9  140  117
1991  5 18 12  6 NADINE     35.0  60.0  121  148
2004  6  3 12 28 TONY       26.8 160.7   53  264
1957  9  9  6 24 CHRIS      53.5 135.8   39  896
1989  6  1  6  6 CHRIS      64.6 265.9  107  325
1991  3 18 12 19 DEBBY      28.5  87.8  107  850
1957 10 27  0  5 VALERIE    19.0 290.0   51  422
1988  8 16 12  3 LESLIE     14.4 173.4   71  667
2004  4 14  0 15 ERNESTO    66.4 174.5   18  663
1977  4  4 18  5 KIRK       55.1 158.1   24  586
1990  4 14  0 13 LESLIE     41.7 109.5   39  619
1953  4  3  0 17 WILLIAM    34.3 180.0  159  565
1962  3 23  0  4 MICHAEL    38.2  78.3  162  416
2004 11  2 18 16 KIRK       42.4 250.2  155  612
2003  6 19 18 21 PATTY      54.7  54.7   94  431
1965  8 19  0 19 OSCAR      51.4 249.2   68   79
1958  6  1  0 23 PATTY       8.4 224.5   82  224
1995  6  2  6 16 PATTY      38.6 328.9   65  431
1979 10 28 18 20 ERNESTO    63.3 257.2   97  802
1958  8 12  6  2 JOYCE      59.8 352.8  131  788
1955  2 16  6  5 ISAAC      65.1  90.6   75  543
1971  3 19  0 18 HELENE     17.2  35.2  109  657
1952 11 12  6  2 HELENE     65.2 188.9  154   84
1959  3 21  6 10 FLORENCE   62.2 114.9  103  451
1964  2 26 12  4 RAFAEL      9.0  41.7  161  428
2002  4 11 18 25 LESLIE     43.9 105.9  113  200
2002 11  4 12 13 WILLIAM    56.0  65.1  155  758
1987 10  7 18  1 MICHAEL    51.6  11.0  135  839
1964  6 12  6  6 OSCAR      45.1 157.2  137  479
1979  9 16 12 20 SANDY      56.5   4.1   76  795
1950 11 23 12 13 GORDON     13.2 215.7  150  279
1963  3  1  6 20 VALERIE    50.9 170.5   57  115
1961 11  7 18 14 ALBERTO    35.5 101.8  124  712
1998  2  8  6 15 VALERIE    20.3 280.9  124  393
1994  2  9  6  2 ISAAC      48.0  45.4  122  324
1969  7 26  0 27 ISAAC      25.4 350.9  120  732
1967  5  5  0  6 FLORENCE   16.7 278.0   88  131
1973  6  6 12  5 JOYCE      22.2  36.0   11   22
1978  2  6 18  1 LESLIE     16.4  39.5   81  347
1989  2 18 12  8 CHRIS      38.4 286.6   87  391
1985  7 13  0 23 NADINE     62.0 316.1   19  654
1985  2 17 12 13 NADINE     18.0 324.2  109   39
1971  6 22 18  9 DEBBY      48.7 298.0  128  118
1962  5 27  6  9 RAFAEL     26.0  66.5   70  134
1959 10 12 18  9 PATTY      21.7 309.8  154  727
1999  6  8 12 24 RAFAEL      8.2 188.7   86   88
1974 11  6  6 19 BERYL      26.8 284.8   12  374
1977  4  7 18 17 BERYL      42.9 289.4  139  847
1968  5  2 18 24 GORDON     61.5 351.8   73  709
1967  3 23  0  2 SANDY      34.3 334.1  158  514
1984  4  9 12 26 ERNESTO    44.5  39.6  141  152
1977  7  3 18 16 TONY       52.0  11.6   32  264
1964  8  7  0  5 CHRIS      46.2 133.0   28   76
1977  2 13  6 13 WILLIAM    36.4  53.7   52  157
1953  4 19 18 19 GORDON     55.2 137.5   45  259
1987  8 11 18 20 CHRIS      51.9 112.6   47  332
1952  6  4  0  1 BERYL      24.9 143.4   95   23
2003 12  8 18 22 LESLIE     56.5  77.1  125  654
1955  6 14 18  2 JOYCE      69.8 222.1   66  150
1975  9  3  6 13 VALERIE    56.7 249.6   26  134
2002 10  6 12 18 SANDY      49.5 319.0   93  873
1983  3  6  0 10 WILLIAM    37.5 241.2   13  409
1986  4 21 12 16 WILLIAM    11.5 131.0  124  545
1961  9  7  6 26 BERYL      70.0 348.9   30  317
1982  6 23  6 18 MICHAEL    16.4  23.6  114  492
1962  7  3 12 13 OSCAR      10.0  92.8  148  363
1970 10 23 18 14 HELENE     59.0  40.8   38  807
1951  7 18  6 22 RAFAEL     56.3 258.4   46  288
1981  5 22 18 19 WILLIAM    31.2   7.4   41  463
1987  1 26 18  3 SANDY      68.7 164.7  150  119
1959  1 27 12 16 VALERIE    24.7 206.9  112  262
1975 10  4 12 22 ALBERTO    47.1 311.2   78  461
1991  4 17  6 28 FLORENCE   15.7 280.9   24  507
1982  3 17 12  8 TONY       56.4 151.3   30   46
1954 11 10  6 25 ALBERTO    33.0 152.7  103  613
2001  9 11 12 24 KIRK       67.2 274.4   48  547
1980  2 11 12  1 TONY        7.7 332.6   39  783
1987 12 15 12 27 DEBBY      53.0 130.3  141   50
1965  2 25 18 24 ISAAC      37.1 157.3  149  138
1962  5 14 18  3 PATTY      69.6  83.7  151  331
1974  2 13  0  7 FLORENCE   60.2 221.3   51  605
1968  3  3  0 24 TONY       55.9 132.6  149   88
1995  9  4 12 13 KIRK       55.4 154.6   94  396
1979 10 23 18 13 LESLIE     52.4  57.5  163  616
1983  3 16 12 10 TONY       48.9  50.4   64  747
1979 11  6  6  1 HELENE     22.5 120.4   22  694
1980  3 26 18  1 VALERIE    47.1 192.8  100  784
1978  2 11 18 28 PATTY      40.9  95.8   29  197
1969  9 20 12 13 VALERIE    59.3 296.4   27  451
1961  5 24  0 15 DEBBY      64.9 113.8  154    2
1963  9  9 12 24 LESLIE     40.2 171.5   24  859
1999  2 22  6 15 DEBBY      15.3 348.2  150  893
1984  9 13  6 19 SANDY      51.4 268.9  129  365
1950  7 22  6 25 GORDON     48.5 304.5   39  234
1987 10  3 18 18 VALERIE    17.9 130.8   16  433
1981  8 26  0  7 ALBERTO    61.6 235.5  163  870
2002 12  6  6 18 ALBERTO    53.8 136.1   12  281
1982  3  6 18 12 ISAAC      66.6 245.1  138  683
1954  1  1 12 16 CHRIS      27.3 289.6  127  666
1966  7 10  0  9 ISAAC      18.6 125.8   66  372
1994 10 11  6 16 BERYL       9.5  54.2  129  291
1986  8 12  0  6 TONY       19.0  83.4  108  500
1966  1  6  0 24 LESLIE      7.0 170.1   58  867
1974 11 12 12 20 TONY       61.0 178.9   66  641
1999  5  8 12 13 DEBBY      27.5 199.5   40  556
1972 12 28 12  6 VALERIE    41.4 277.0  132  773
1968  1 12 12 18 RAFAEL     41.4 258.3   53  602
1983 12  5  0 28 ISAAC      57.8  78.4  132  259
1952  5 20 18 21 OSCAR      43.9 128.7   45  379
1976  8 15 18  6 KIRK       45.6  81.2   36  554
1998  3 24 18  7 BERYL      35.6 346.2  115   46
1998 11  9 12  7 JOYCE      66.8 156.2   28  524
1997  9  2 18 23 BERYL      45.8 310.5   21  726
1988  2 10 12 16 RAFAEL     38.9  40.5   96  426
1990 11 11 12 10 JOYCE      36.5 221.0  112  316
1974  2 16 12 27 ALBERTO    63.9 197.8   80  674
1991  1  2  6 14 WILLIAM    63.2 140.5   72  685
1995  7 11  0  6 PATTY      47.9 354.0   38  510
1968 12 25  0  6 FLORENCE   32.3 165.9   64  474
1956  3 16  6  4 JOYCE      48.5 151.0  141  442
1995 11 22  0  2 KIRK        7.4 247.0   36  355
2002  3 18  0 26 RAFAEL     65.0 269.9   90  309
1950  4 24  0 18 PATTY      38.9 339.9   37  480
1976 12 28 12  7 SANDY      63.9   3.0   31  618
2003  2 26 18 15 PATTY      13.5 147.8  152   74
1958 10 24 18 18 GORDON     62.7  52.9   94  438
1986  9 21 18  8 VALERIE    13.9  78.5   70  658
1996  6 22 18 25 KIRK       50.5  77.6  155  555
1954  5  9  6 25 WILLIAM    19.5  17.6   13  342
1965  9 28 18 20 TONY       12.6 349.9  118    9
1974  6 19  0  7 MICHAEL    14.8 137.3   19  147
1974  6  3 12 23 RAFAEL     15.8 352.1   30  443
1972  8 21  6  3 ALBERTO    16.9 212.1  132  344
1986  6  9 18  1 TONY       40.8 122.0   73  469
1967 10 28  6  2 ALBERTO    27.1 169.9  111  821
1952  2 11 18 23 KIRK       10.4 208.5  152  305
1979  1  1 12 26 ISAAC      69.7 160.1  163  852
1975  5  6  6 18 ISAAC      14.8 303.7  133  643
1965  7  6  0  3 NADINE     68.5 321.7   96  288
1969  3 28  6 14 MICHAEL    56.5  98.3   70  879
1956  8 19 18 21 DEBBY      49.5 250.3  148  352
1987  7 18  6 12 ISAAC      38.2 157.2  135  196
2001  1 16  6 11 SANDY      63.9 308.1   41  748
1956  8 17  6 27 GORDON     25.3 134.5  115  250
1960 12  9 12 20 PATTY      24.9 295.6  137  429
2004  2 19 12 25 BERYL      36.4 202.9  106  700
1991  2 26  6  9 KIRK       37.4 101.6  118  541
1972  2  8  6 24 BERYL      42.6 336.3  143  116
1999  7  8 12 14 FLORENCE   44.1 258.0   35  425
2000  6 22  0  5 MICHAEL    50.2 357.2   12  572
1953  4  2  0 10 TONY       50.1 282.6  150  749
1997  4 26  6 20 PATTY       9.8  51.5   80  540
1988 11  8  6  8 CHRIS      26.2 107.8   40   32
1992  1 18  0 14 CHRIS      64.3 146.6  130  183
1982  1  6  0  5 LESLIE     17.0 155.7   70  748
1995  7 12  6  6 OSCAR      68.6 309.1  127   88
1973  7  2  6 21 HELENE     31.2 103.2   23  644
1988  9 13  6 16 ISAAC      61.6 292.9  116    5
1961  2 19  6 21 TONY       53.4 227.7  141  601
1978  7 19  6 12 MICHAEL    44.6 179.4   76  426
1950  6  9  0 14 HELENE     50.4 113.1   51  601
1974  8 22  6 14 JOYCE      47.3 237.6   56  480
1962  6  5 12 19 VALERIE    11.0  64.4   66  295
1984  4 24 12 12 PATTY      15.0 230.2   22  389
1989  3  5  0 16 KIRK       41.7 230.0   34  780
1965  9  3 18  2 ISAAC      40.4  59.4   45  879
1980  4 11 18 21 KIRK       31.7 348.8   41  751
2003  6 22 18 27 ERNESTO     7.3  66.4   89  567
1957 11 11  6 13 KIRK       12.7   0.1   95   46
1956  5 22  0 19 OSCAR      11.1  86.2  127   40
1957  8 13  6  9 MICHAEL    29.2 287.9  110  297
2004 12 10 18 26 ALBERTO    28.6 103.0   70  291
1975  6 12 12 24 HELENE     30.7 244.1  136  582
1953  8  9 18 27 DEBBY      57.0 240.1   86  131
1989  8 17  0 22 KIRK       43.5  21.0  161  722
1986  4  1  0  3 ISAAC      45.1  15.7  107  517
2002  4 17  6  2 CHRIS      58.2 259.7   59  770
1989  6  1 18  5 JOYCE      19.0 205.3   50  185
1994 11 26  0 15 CHRIS      46.3  57.4  156  309
1981 12 10  0 22 RAFAEL     32.1 113.2   61   16
1968 10  8 12 28 NADINE     65.5   9.8   92  779
1968 11  5 18 21 LESLIE     46.9 306.2   90   63
1953  8  4  0 19 JOYCE      43.8 200.8   35  703
1957  7 16 12 23 OSCAR      66.8  41.7  139  707
2001  7  3 12 21 ALBERTO    22.8 335.9   46  883
1987  5 25 18  8 VALERIE    30.4 299.2   71  827
1952  6 14  6  3 SANDY      20.0  71.3  103  889
1979  6 18 18 27 WILLIAM    28.5 244.6   56  654
1974 12 20  0  6 FLORENCE   23.8  59.6  132  486
1986 11 25  6  2 KIRK       27.4 170.6   25  588
1982  5  7  0  8 HELENE     15.8 292.5  131  164
1986  6 17 18 19 ISAAC      15.9 287.6   18  644
1974  6 28  6  1 PATTY      61.4 344.3  161  315
1967  9 18  6 18 RAFAEL     19.6  25.6  145  185
1982  9 24 12 11 VALERIE    23.3 190.0  108  572
1966  4 19 12  3 ALBERTO    36.1 282.5  111  889
1967  4  2  6 21 SANDY      65.9 285.8  132  359
1961  4  5  0 25 VALERIE    55.0 262.4   97  711
1989  4 13 12  3 WILLIAM    55.7  25.5   61  737
1993  8  8 18 14 OSCAR      37.6  67.8   62  319
1972  6  7  0 20 OSCAR      36.6 278.5   76  344
2001  7 12 12  4 FLORENCE   33.6 175.3   26  628
2000  3  2 12  1 JOYCE      58.5 298.6   41  360
1960  1 22  0 17 ERNESTO    62.4 343.9   37  554
1967  4 20 18 15 MICHAEL    54.5 230.3  152  189
1959 10 18  0 25 LESLIE     44.3  29.4  122  651
1994  9 25 12 17 SANDY      51.8 254.2   39  522
1989  3 25 12 23 TONY       50.7  94.8   74  489
1953  7 21 12 20 BERYL      66.2 193.2  145  263
1955  1  4 12  5 FLORENCE   14.9 124.0   75  355
1972  9 14  6  6 LESLIE     66.7 275.4   43   20
1978  1  7  6  7 RAFAEL     23.3 153.5   95  463
1969  5  6 18 26 DEBBY       8.6  77.2   82  698
1950 10 16 18 12 BERYL      56.5  26.3   57  737
1978 11 19 18 19 RAFAEL     38.8 314.1  163  791
2000 10 10 12  1 DEBBY      67.3  61.2  120  852
1973  6 14  0 12 FLORENCE   28.3  96.3  127  814
2000  2 16 18  2 ERNESTO    24.3 198.1  108  156
1970 10 28 12 26 NADINE     13.6 307.6   46  340
1965  6 13 12  6 KIRK       16.3 268.5  131  833
1978  8  4 12  4 ISAAC      38.0 151.8   42  579
2000  1 19  0 17 LESLIE     11.9  25.0   61  497
1981  2 12  0 18 RAFAEL     52.8 305.7  122  707
1962 10 20 12 28 LESLIE     21.0 113.5   56  537
1966 11 12 12 20 VALERIE    36.8 139.7   53   59
1971  1  8 12 18 SANDY      27.1 311.4  141  702
1995  7  5 12 11 CHRIS      51.2 205.1  124  452
1984 11 15  6 26 HELENE     60.9  82.0  151  310
2001  3  9 18  7 ERNESTO    49.8 168.9  161  108
1987  3 18 12  2 RAFAEL     25.8 316.7   83  395
1992  3 20 12 22 KIRK       46.6 138.0   91  117
1962  4 26 18 14 RAFAEL     21.4  55.3  112  398
1979  7 20 18  4 GORDON     22.3 138.0  139  320
1974  8 23  6 21 VALERIE    57.8 152.9   71  819
2002  9 19  0  6 JOYCE      62.0 323.1   53  896
2003  6 17 18 16 CHRIS      36.7 149.9   38  431
1994  7 17 12  7 JOYCE      40.6 201.4  117  394
1965  8  2 18 10 JOYCE      62.5 128.2  142  295
1959 12 17 12 18 LESLIE     28.1  33.3   25  487
1957  7 21 18 27 SANDY      47.3  87.5   22  338
1989  4 16  6 20 ALBERTO    22.7 203.1   50  668
1963 12 18 12  9 NADINE     12.1  47.9  120  185
1950  4  7  0 10 MICHAEL    18.2 299.4   72  289
1974  2  5  6 27 NADINE     56.2 190.3   78  277
1984  3 24 18  1 RAFAEL      9.1 132.2   33  529
1997  8  1 12 26 ERNESTO    59.5  50.5  157  148
1975  2 11  6 17 JOYCE      57.5 191.6   67  629
1950  1  9 18  4 MICHAEL    25.8  53.9   18  885
1964 11 21  0 23 JOYCE      11.3 238.2   63  430
1955  8 15 12 26 DEBBY      31.3 314.9  117  134
1950 12  3  0 13 WILLIAM    41.8 206.7   14  150
1994 11 18  6 10 PATTY      11.0  46.9  144  169
1952  5 26 12  9 RAFAEL      9.3 204.8  132  288
1976 11 16  0 24 FLORENCE   62.9 356.6   81  245
1964  7 24  6 13 LESLIE     17.4 329.4   20  205
1954  8 23  6 15 WILLIAM    41.3  28.0   56  673
1957  3 20 12 14 KIRK       49.1 158.5   57  549
2001  4 14  0  8 WILLIAM    46.0 120.2  104  734
2004 12  2  6 28 DEBBY      46.3 261.5  136   44
1982  7 12 18 26 BERYL      59.8   2.3   48  357
1951  2  7 12  6 HELENE     10.8  50.4  142  758
1970  5 20 12 22 ALBERTO    66.8 213.9  105  402
1981  5 11 18 19 CHRIS      18.9 146.3   28  389
1977  1  3  0 23 OSCAR      24.1 302.7  147  373
1991  4 18 12 22 DEBBY      26.9 104.0   83  287
1991  7 20 12 21 PATTY      67.6  10.2   12  753
1960  6  4 18  8 JOYCE      69.5 131.4   67    4
1985  1 16  0 12 KIRK       18.7 344.1  155  139
1955  8 18 18 10 HELENE     42.5 344.3  114  385
1998  4 15 12  2 OSCAR      29.8 177.0   60  792
1982  4 23  0  2 HELENE     14.7 176.1   12  377
1952 11  2 18 19 KIRK       24.6 352.8  159  631
1994  2  8  6 12 TONY        7.1 216.3   98  392
1998  6 23  6 27 SANDY      66.3 107.3  112  669
1979  5 27 12  4 CHRIS       9.7 294.3   38  217
2002 10  7 18 10 HELENE     14.1 295.1  125  223
1972 11 23  6 11 HELENE     27.4 199.4  108  860
1992  2 20 18  7 CHRIS      13.8 127.6   26  518
1975  2  1  0 19 HELENE     10.2 234.4  140  316
1993  4 11  6 28 ISAAC      38.6 332.9   43  898
1970  2 10  6 21 OSCAR      56.8 140.7  102  743
1993  1 28  6 11 SANDY      23.8 156.3   85  640
1996  5 21 12 14 ISAAC      19.4 283.7   31  662
1980  7 11 12 23 NADINE     52.1 232.7  135  124
1969 12 27 12 20 HELENE     12.3 112.3   58  737
1972  6  8  6 21 ALBERTO    56.6 202.2   71  650
1989  3 12 12 20 ISAAC      51.2 225.2   36   24
1998  7 23  6 14 LESLIE     67.7 158.6  164  276
2004  1 19  0 26 FLORENCE    7.5 353.6  116  740
1977 10 22  6 19 JOYCE      51.0 130.2   32  167
1964  4  9 18 18 LESLIE     36.8 346.1   72  711
2001  2  9 12 12 ERNESTO    11.2 263.6   35  399
1974  7  7 12  7 SANDY      11.6  34.2  119  195
1989  9 18  6 24 SANDY      19.5  30.9  103  487
2001  6 24 12 26 BERYL      22.3 323.7  109  119
1990  2 25 18 28 BERYL      13.5 269.0  107  424
1976 10  2 18 20 ALBERTO    27.2   1.3   27  438
1995 12  4 12 19 DEBBY      57.5 118.2   11  672
1971  7  8  6 19 RAFAEL     14.7 305.6   33  568
1980 11  9  0 13 LESLIE     37.1 267.1   57  459
1988  2  7  6 25 ERNESTO    41.8 291.8   21  693
1975  3 23  6 25 FLORENCE   39.2  99.7  161  529
1954  6 23  0 24 HELENE     63.2 171.6  138  271
1955 12 23 12 17 ALBERTO    61.8 295.3   76   57
1954  3  5 12 16 ALBERTO    47.9 103.0   92  260
1960  6  6  6 27 PATTY      37.4  80.1   55   62
1986  5 11 18  3 NADINE     49.3 213.3  123  496
1953  9  3  6 18 SANDY      64.0  27.8   49  792
1991  7 14  0 22 BERYL      31.3 171.5  120  344
1978  3 16 12 20 KIRK       56.6 309.6   50   31
1995  8 16 18 23 FLORENCE   66.6 220.2   30  855
1962  9  7  0  2 BERYL      49.9 341.1  163  450
1989  1 15 12 18 ERNESTO    52.8  61.2  105  530
1987  7 27 18  8 TONY       57.6   1.7   63  389
1994 11  8  0 22 MICHAEL    47.3 106.5  159  286
1965  6  2  6 10 RAFAEL     55.7 175.5   94  806
1966  8 21  0 13 OSCAR      11.9 186.6   24  162
1954 10  9 12 19 BERYL      27.1 253.6   54  850
1958  9 28  6 22 CHRIS      63.9 257.0  153  847
1992  9 13 18 14 WILLIAM    19.7 169.4   33  226
1953 10 19 12 23 VALERIE    13.9  35.6   64  184
2000 10  8 12 18 TONY       39.5 160.9   39  312
1991  8 24  0 21 ERNESTO    10.5 245.9   19  419
1986  4  1 12  8 TONY       68.9 190.4   45  179
1962  7  8 12 21 ERNESTO    19.6 239.9   82  281
1973  8 20 12 16 HELENE     27.9 138.3  102  409
1954 11  4  6 21 RAFAEL     36.2 199.6  102  255
1968  4  9 12 17 PATTY      58.9 304.3  132  315
1997  6  6 18 19 TONY       67.0 123.0  143  832
1996  5  4 18 13 SANDY      24.5 344.7   30    5
1991  1 23  6 24 ERNESTO    48.9   2.0   90  469
1971  5 28  0 13 GORDON     46.1 137.0   53   70
1959  8  8  6 20 TONY       18.7  73.1   66  102
1973 11 12  6 10 WILLIAM    46.9 271.4  133  176
1983 10  6 12  1 PATTY      11.2  97.2   93  224
1976  9  1 12 25 RAFAEL     63.1 250.9  131   21
1999 12  3 12 22 HELENE     41.6 212.9   67  444
2000  4 22 12 16 FLORENCE   15.7  99.6   48  276
1980  2 24 18  2 GORDON     66.2  29.9   69   28
1973 10 11  6 14 JOYCE      27.1 331.8  144  316
1982 11  7 12  1 SANDY      25.6 136.8  153  505
1969 12 23  0 23 FLORENCE   61.8  72.7   10  443
1950 12 14  6  3 GORDON     42.6 289.8   85  231
1952  7  8  6 13 PATTY      51.8 265.2  153  251
2004  2 20  0  5 GORDON     18.6 207.3  113  341
1950 11  4 12  2 WILLIAM    12.0 125.9   68  701
1969  8 19  0 17 KIRK       29.8 321.0  134  821
1961  3  6 12 13 HELENE     51.2  88.5   23   81
1954 12  8 18  9 BERYL      49.7 308.8  141  874
1980  1  9 18 20 GORDON     45.8 223.2   84  509
1981 12 17 18  7 PATTY       7.1 229.8   80  806
1993  4 22 12  7 ALBERTO    22.1 295.3   67  548
1995  9  7  6  3 NADINE     55.3 122.1  153  808
1981  2  4 18  6 GORDON      9.1 249.3   52   39
1986  4 12  6  1 SANDY      69.7 124.1  117  786
1964 10  4  6 21 RAFAEL     60.0  26.6  132  691
1991  3 17 18 25 VALERIE    34.7  41.6  135  871
1967  1  5  6 21 VALERIE    34.4  67.1  151  743
1992  6 22  6  7 BERYL      14.9 128.2  138  145
1951  7  2  0 25 OSCAR      10.7 193.9   10  212
1990 12  4  0 23 RAFAEL      9.1 113.5  163  375
1951  1  9  0 26 BERYL      14.5 262.5   44  463
1976  3 26 12  2 NADINE     38.2  39.4   98  677
1990 12 16 18 10 VALERIE    13.7  72.5  121  871
1997 12 19  6  7 VALERIE    44.4 352.9   89  648
1991  1 28  6 15 FLORENCE   27.9 188.8  145  799
2000 10  5  6 20 CHRIS      50.4  22.4   84  534
1981 12 20 12 13 LESLIE     18.6  40.1   69  296
1971  2  8  6 27 BERYL      35.4 305.4   57  106
1989  5  1 12 12 ISAAC      56.0  70.1   65  514
1972 12  1 18 25 ALBERTO    68.9 147.9   50  582
1959 10  5  0  3 CHRIS      45.2 110.2   65  395
1986  8 23  6 12 WILLIAM    60.2 250.6  161  850
2000  9 23  6  8 HELENE      8.4   0.2   51  286
1963  7 15 18 10 TONY       45.0 126.1   33  376
1957  1 26 18  9 PATTY      35.6 269.2   72  316
1970 12 17 18  7 LESLIE     50.9  57.8  161  752
1996 12  5  6 21 OSCAR      47.3 112.1  114   86
1980  2  1  6 21 WILLIAM    13.5 300.8   57  473
1979 12 27 12  8 SANDY      22.9   4.9  131  718
1952 12  3 12 15 JOYCE      62.6 276.0  146  475
1956 10 23 12  1 OSCAR      65.3 154.9  148  279
1981  4  1 18 19 TONY       16.0 225.8   52  471
1969 11 18  0 23 HELENE     37.2 250.0   55  230
1958  5  6 18 11 GORDON     65.0 350.8  159   84
1968  4 24 12  8 ALBERTO    23.1 319.4  127  301
1960 10 13 12 16 TONY       50.2  79.2   83  320
1982  5  4 18 19 NADINE     57.9   1.8   85  752
1950  7 10 18  2 HELENE     12.6 259.4   19  334
1964  6 18 18 28 GORDON      9.3 334.9   78  465
1972 12  5 12 15 ERNESTO    29.2  51.3   92  249
1993 10  3  0  7 KIRK       15.9 289.6   21  795
1955  6 12  6 13 ISAAC      67.2 142.6   25  556
1964  2  7 12  9 VALERIE    34.2  28.1  142  718
1950 10 19  0  2 SANDY      47.2 268.3   77  774
1965  4  7 18  2 FLORENCE   23.3 132.6  164  710
2003  3 13  6 21 WILLIAM    51.7 248.7   54  342
1992 12  7  0 11 TONY       12.4 304.1   48  511
2004 11 24 18  9 GORDON     36.4 133.2  159  303
1995  6 25 12 23 RAFAEL     26.1   4.3   27  334
1961 11 14 18  8 MICHAEL    67.9 237.0  108  223
1991  3 12 12  1 WILLIAM    24.8  82.7   55  752
2000  5  6 12 27 TONY       26.7 198.8  136  883
2002  9 20  6 10 HELENE     47.2 321.8   74  718
1978 12 17 12  1 RAFAEL     52.4 114.2   33  154
1970  9  2  6 15 JOYCE      12.8 313.8   22  356
1995  2  4  6 25 SANDY      13.5 262.3   79  348
1969  3 16 18 27 VALERIE    66.5 326.3  159  106
1972  3 15  0 11 VALERIE    35.8  24.4   39  880
1994  6  6  0 17 CHRIS      25.0   5.1  128  418
1956  8 15 18  2 JOYCE      17.5 231.7   75   99
1994 11 14 12 27 BERYL      10.0 271.4   55  181
1963  1 18  6 17 PATTY      32.3 107.3   61  476
1986  5 12 12  5 FLORENCE   67.7 286.0   61  350
1999  9  1 18 21 LESLIE     10.2 353.9   59  571
2002 11 24  0 24 WILLIAM    19.6 322.5   74  262
1953  4  6  6 18 FLORENCE   23.1 148.4   91  570
1957  4 21 12  1 ERNESTO    47.4 121.2   36  800
2004  3  1  6 26 GORDON     54.1 318.8   32  254
1996  3 22  6 11 OSCAR      28.7 165.3  103  499
1982  2 26  6 11 LESLIE     49.2 180.7  138   26
1964  4  1 18  5 GORDON     35.7 244.6   43  252
1960 12 14 12 24 ALBERTO    27.2  78.4  138  617
1955 10 11  6 20 DEBBY      67.0 222.4  159  744
1957  8  8 12 27 NADINE     33.3 135.1  148  638
1982  9 26  0 16 ISAAC      10.0 179.3   81  182
1952  2 13  6 10 ISAAC      15.5 336.6   54  822
1974  7  8  0 20 CHRIS      18.1 233.0   94  178
1982  6 11  0 18 LESLIE     30.2 118.3   85  397
1963 10 15  0  4 FLORENCE   30.2 344.4  117  651
1992  3 17  0 19 ERNESTO    52.9 258.8   95  883
1971  4 14  0 18 ISAAC      38.6 244.2   29  473
1991  6 14 12 12 ERNESTO    16.8 127.8  163  810
1999 11 23  0  3 VALERIE    39.8  53.4   31  147
1981  8  9 18 20 BERYL      35.0   1.1   25  363
1951  7 16  6 21 CHRIS      10.1 122.4  112  677
1956 11 16  6  8 DEBBY      42.6 172.3  103  488
1968 12  2 18 25 BERYL      62.6  13.1   25  759
1962  8 19  0  5 OSCAR      66.4 289.3   98  422
1951  7 19  6 24 FLORENCE   22.0  44.8  107  400
1978  9  3  0 10 VALERIE    50.0 218.0   99  829
1994  9  7 12 13 DEBBY      19.3 342.3  140  210
1967  1  2  6 12 GORDON     20.1 142.0  104  208
1988  8 12 18  1 LESLIE     54.9 164.7   96  698
1967  2 12  6 21 KIRK       15.5 182.6  130  829
1993 12 25 12 16 WILLIAM    31.9 269.3   82  835
1980  6 11 18 28 FLORENCE   43.2 237.8   36  861
1974  3  3  6  3 ERNESTO    56.8 256.2  120  411
2001  2 14  6  4 TONY       10.7 112.9  116  842
1997  5 13  0  6 SANDY      59.3  43.8  134  535
1992  8 21  0 23 VALERIE    43.0 218.2  130  676
1991  8 17  6  7 OSCAR      41.4 337.2   53  713
1998 12 14 18  4 BERYL      17.9  52.9   53  444
1981  9 14  6  2 OSCAR      16.2 338.2   21  784
1963  8 15  0 15 CHRIS      68.7 154.9  133   37
1974  6  6  0 24 TONY       36.4 219.6   79  854
1996 12 10 12 10 OSCAR      66.9 321.1  147  464
1973 11 13 18  6 VALERIE    35.5 209.2  133   69
1994  8 14 18 21 MICHAEL    36.3 189.9  102  288
1988  7 22 12 24 FLORENCE   57.4  63.3  150  478
1956 12 14  0 14 FLORENCE   68.6 338.2  164  319
1996  9 17  6  8 FLORENCE   37.6  56.1  161  609
1991  2 10 18 21 ERNESTO    44.8 154.4  163  881
1988 10  5  6  9 ISAAC      38.5 334.0   35  479
1988  3 17  6 10 JOYCE      68.0   4.1   73  793
1959  9  9  6 24 ERNESTO    21.9 174.1   31  370
1987  4 18 12  4 CHRIS      43.9 316.4  107  881
1995  4  5  6 12 MICHAEL    57.5  99.1   12  502
1965 12  1  6 23 LESLIE     32.0  15.0   48   85
1954  4 21 18 14 ALBERTO    30.8 277.6  156  422
1971  5 20  6 28 MICHAEL    43.3  90.7   99  358
1960  3 23 12 24 CHRIS      10.6 344.0  113  108
1996  6  7 18 14 SANDY      47.4 183.6  145  624
1951 10  7  6  7 DEBBY      31.0  73.9   22  587
1957  1 18  0  1 CHRIS      53.3  90.2   69  654
1962  6 27  0 18 VALERIE    62.6  31.2  125  383
1997 11  6 18 16 ALBERTO    25.2  28.1  131  594
1972 11  4 18  6 LESLIE     27.6  13.4  160  309
1958 10 24 18  9 PATTY      10.1 155.4   24  193
2000  1 22 18 13 KIRK       33.5 318.2  152  161
1966  7 19 12  6 CHRIS      28.0 272.5   90  356
1971 11 17 18 18 LESLIE     58.7 261.3  120  163
1990 12  2  6  8 TONY       18.9 159.5  136  651
1976  1 28  0 16 ERNESTO     7.9 183.0   21  346
1963  6  9 12 12 TONY       19.6 107.2  163  696
1993  8 16 18 13 SANDY      54.2 238.7  143  660
1970  1  2  0 13 JOYCE      46.2 298.2   48  255
1953  7  4  6 10 WILLIAM     9.5 140.2   64  616
1978  8 16  6 21 WILLIAM    33.8  47.4  105  147
1965  3 24  6 25 ISAAC      50.7 321.4   93  844
1953  9 27  6 18 SANDY      13.5 154.0   66  596
1994  6  1 12  1 MICHAEL    28.6 104.7   19  486
1995  5 16  0 22 RAFAEL     30.4 130.6   19  316
1978  9  3 12 17 NADINE     38.2 135.0  125  300
1961  5 19  0  2 WILLIAM     7.0 226.2   98  711
1967  5 18 18 16 BERYL      38.0   8.6   93  117
1976 12 14  0 14 VALERIE    48.9 154.3   22  465
1992  8  1 18 23 VALERIE    58.5 310.4  140  567
1987  5 10  6 19 MICHAEL    35.3  14.6   19  222
1987  3 15 18 18 LESLIE     56.4 200.7  145  256
1997  2 11  6 14 DEBBY      43.9 308.8   41  886
1984 11 21 18  3 ISAAC      67.1 257.6   75   30
1952  5 22 18 18 DEBBY      65.4 260.6   27  553
1988  8  9 12  1 VALERIE    14.2 152.0   47  224
1961  8  6  6 11 ERNESTO    55.6 156.4   69  775
1956  3 19 18 21 CHRIS      22.6 143.1   81   25
1960 11 25 18  4 OSCAR      11.5 155.1   18  455
1988  9  4  6  5 SANDY      26.6  28.6   42  717
1966  1  8  6 26 WILLIAM    62.1 174.9  153  202
1950  3 10 18 28 MICHAEL    67.0  46.6  153  666
1951  1 11  0 11 RAFAEL     59.9  64.6  126  372
1951  3  3 18 26 WILLIAM    49.0 240.3   85  558
1978  9 25 18 18 WILLIAM     8.4 198.9   91  538
1961  7  2  0 11 WILLIAM    39.9 348.6  123  547
1967  1  7 12 16 BERYL       7.3 217.0  104  557
1981 10  7  0  2 DEBBY       9.0  45.1  138  295
1995  5 28 18 24 SANDY      17.4 256.7  157  266
1955  5 23 18 18 VALERIE    58.5 105.6  137  568
1999  2 16 12  6 VALERIE    35.4 232.5  128  585
1998  8 25  6 16 WILLIAM    25.2 287.5  131  754
1990 12 20 18 15 HELENE     63.3 334.1   52  363
1950  1 10 18 14 WILLIAM    22.4  38.3  156  180
1969 10 28 12 28 NADINE     33.1 108.4   33  668
1989  6 20 18 20 ERNESTO    10.5 301.9   21  318
1985 12  3 12  8 FLORENCE   65.5 319.3   70   40
1984  7 20 12 23 ERNESTO     9.7  36.1  101  433
2001  6  5  0 22 NADINE     55.4 100.7  112  281
1980  4 11 12 21 LESLIE     25.0  33.9   21  529
1951  1  5  0 19 FLORENCE    7.4  38.8  110  317
1961  5  1 18 15 FLORENCE   47.3 256.4  162  213
2002  5 10 12 23 BERYL      30.7 188.6  130  750
1961  7 12  6 21 DEBBY      64.5 253.3  126  559
2001  2 12  6 20 OSCAR      21.7 280.0  119  771
1984  4 21  0 11 ERNESTO    11.5 287.1   81  356
1976  5 10  6 17 MICHAEL     7.5  55.3  163  478
1963  6  6 12 26 JOYCE      61.4 151.9   41  299
1967  1 24 12  8 GORDON     19.7 161.4   99  797
1999  9 19  0 12 RAFAEL     66.5 226.5  123  247
1975  4 17 12 22 KIRK       46.8 158.3  100   89
1984  8  8  0  4 VALERIE    37.5 201.6  129  118
1989  5 15 18  1 GORDON     15.2 282.5  164  617
1953  7 21  6 24 LESLIE      9.6 101.7  164  528
1997  8 22  0 20 MICHAEL    30.0 202.5   66  238
1989  2  4  6 16 LESLIE     60.1 319.6  140  301
1960 12  8 12  2 KIRK       16.9 112.6  139  476
1972  9  9  0  6 ISAAC      46.4  45.9   53  157
1962  4 25 12 19 RAFAEL     18.4 144.0   98  132
1952  1 23  0 17 BERYL      40.0 159.0   77  374
1999  1 14 12  3 ISAAC      14.4 251.9   91   83
1995  2 23 18 12 ISAAC      19.7 144.7  100  804
1955  4 16 18 16 TONY       69.4  30.8   53  204
1988  6 28 12 25 SANDY       7.0  63.3  155  237
1978  7 17 18  9 DEBBY      16.0  84.8   66  593
1988  5 10 12 28 PATTY      12.1 178.9   65    4
1959 10 17 18  1 GORDON     66.1 206.8   80  836
1987  7 12  6 21 BERYL      36.5 123.2  121  556
1989  1  2  0  6 RAFAEL     34.1 236.5   25  458
1996  3 23 18 23 DEBBY      17.6 110.1  142  247
2003  1 12  6  1 SANDY      45.2 319.0  156  780
1998  5  4 12  6 MICHAEL    37.3  93.9   62  665
1984 12  3  6 19 LESLIE     68.3 282.3  158  853
1975  2 18  0 13 HELENE     68.7 245.9   94  638
1987  7 11 18 14 RAFAEL     25.9  55.0   21   80
1983  7 27 18  7 ERNESTO    57.6   5.1   44  435
1961 10  4 18 25 MICHAEL    47.8 281.2  155  108
1988 10 21  0 28 WILLIAM    26.3 238.1   50  374
1969  6  3 18 19 HELENE     35.2 153.7   12  216
1970  6 18 12 15 RAFAEL     49.2 166.8  148  154
1995  9 25  6 24 TONY       39.9 314.1   40  356
1998  2 25 18 16 FLORENCE    7.4  75.4  148  899
1951  3 20  0 10 NADINE     52.6 320.4  110  771
1952  3  4  6 28 OSCAR      13.4 167.8  162  366
1999  5  1  6  1 ISAAC      51.4 182.0  106  190
2000  1 17  0 27 ALBERTO    42.3 135.1   95  320
1952 12 16  0 25 FLORENCE   59.1 211.0   49  797
1994  3 20  0 23 BERYL       9.6  59.3  144  191
1959  4 17  0 23 WILLIAM    17.4 269.5  164  117
1992  7 23  6 18 ISAAC      26.6 212.6   70  265
1997  7 24  6 14 JOYCE      47.8  72.0  141  291
1981  1 23  6 21 BERYL      26.3  82.1   78  778
1974  4 19 18 26 ALBERTO    61.6 268.4   61   62
1985 11 19 18  8 JOYCE      50.2 250.6  118  746
1963  7 15  0 28 TONY       26.3  15.1   17   28
1970 11  2 12 23 JOYCE      37.8 340.6   54  861
1976  3 21 18  9 OSCAR      52.2 297.3   95  678
1986 10 14 12 18 WILLIAM    27.0  30.5   89   84
1966  7 13 12  6 SANDY      27.9 286.1  118  194
1951 11 27 18  7 DEBBY      51.9   3.3   58  252
1988  4 13  6 16 PATTY      53.2 132.1   54  369
1955  2 20  6 18 BERYL      40.0 339.3  147  399
1975  3 26 12 18 KIRK       48.8 188.7  117  231
1978  1 28  6 11 OSCAR      55.3 237.7  149  494
1992  2  9 12 16 VALERIE    60.4 289.8  157  685
1958 11 18  0 22 CHRIS      50.6   3.4   86  870
1993  2  4  0 11 ERNESTO    27.8  52.4  144   13
1999  5 12 18 20 LESLIE     10.4 324.6   77  463
1994  3  5  6 10 PATTY      30.9  32.1  150  286
1987 12 15  6 23 ALBERTO    65.5 310.6  129  335
1985 11  3  0  9 RAFAEL     58.1  17.3   42  428
1967 11  9 12  1 WILLIAM     7.2 146.4  129  387
1979  4  2 18  7 WILLIAM    60.1   8.7   76   14
1958  8 13  0 27 CHRIS      27.7 252.0  123  689
1969  5 17 18 16 OSCAR      60.4 194.5   54  390
1952  8 15  6  4 ISAAC      61.4 165.7  130  160
1976 11  2  6 20 ERNESTO    53.8 253.5   76  828
1950  4  4  0  7 OSCAR      23.8 134.2   16  755
1954  3  5  6  7 FLORENCE   66.3 139.9  147  674
1984  6 17  0 17 SANDY      11.5  92.3  164  171
1978 12  5  0  2 BERYL      69.8  94.0   36  707
1971  5  9 18 23 KIRK       44.1 100.8  144  216
1999  7  1  0 18 SANDY      44.1 204.6  139  317
1993 10  7  0  5 WILLIAM    49.4  88.4  106  811
1981  7 17 12 22 BERYL      69.6 222.5   19   33
1954  6 16 18  2 ERNESTO    44.6 351.6   64  898
1992  4  4 18 19 VALERIE    47.8 172.4   80  727
1954 11 13  0 21 OSCAR      21.9   2.5   72  267
1965 11 20 18  1 BERYL      69.8  58.2   10  225
1951  1 19  6 19 WILLIAM    10.6 181.4   56  256
1998  2 24  0  3 HELENE     11.2 234.1   99   33
1955  5 17  6 21 BERYL      11.0  92.3   13  368
1963  2 12  6 23 ISAAC      17.0 142.5  108  247
1990  9  8 18  1 HELENE     41.1  60.5   50  370
1984 12  2  0 28 NADINE     51.4 118.1   92  490
1988  1 23  0 26 DEBBY      62.0  49.4  138  343
2004  5  7 12  6 MICHAEL    12.5 183.5   48  129
1975 10 11  0 26 MICHAEL    36.2  20.8   98  563
1963  5  5  6 11 VALERIE    38.7 114.2  121   25
1996  9  6 12 26 ISAAC      60.3 348.2   72  143
1964  8  5  6  4 ERNESTO     9.4  33.6   88  775
1981  1 10  6  7 ERNESTO    14.5 119.3  124  403
1953  2  9 18  4 LESLIE     32.9  53.3   41   89
1988 10 24 12  3 TONY       26.7 250.1  106  457
1959  1 17 12  5 RAFAEL     46.8 314.5   86  743
2000 11 11  6 26 MICHAEL    20.7 208.9   74  455
2002  6 19 12 25 FLORENCE   11.3 341.4   11  323
1954  5  5 12 22 LESLIE     23.2 325.1   73  272
1975  5 23 18 14 ALBERTO    17.3  16.4  163  556
2001  6 26  0 18 TONY       63.1 102.9   28  886
1960 11 12 18 23 KIRK       16.0   3.2  109   58
1992  4 27  6 25 JOYCE      67.8 204.0   86  631
1956  1 19  0 21 BERYL      18.3  68.8   37  708
1975  5 15 18 12 DEBBY      36.8  72.9  104  871
1954 11  9 18 14 ERNESTO    18.0 223.2   90  250
1951  8  8 12  5 HELENE     66.5  36.5   88  691
1993  3 12 12  6 NADINE     30.3 268.0   95  772
1958 12 18  0 17 LESLIE     39.6 295.3  160  709
1998  3 16  0 24 ISAAC      10.3 190.9   65  679
1980  8  6  6  6 ISAAC      21.7 132.8  110  450
1971 10 12  6 19 FLORENCE   13.0  53.2   65  169
1954 12  1 18 18 SANDY      47.3 124.3  112  823
1951 11 19  0 21 VALERIE    62.5 129.2  103  714
1950 12 18 18 13 RAFAEL     11.4 222.0   96  641
1972 11  2  6 19 TONY       47.8 254.4  111  708
1963  1 21  0 28 CHRIS      12.5 143.0  129  828
1994  4  6 18  1 ERNESTO    65.1 157.5   17  774
1955  1  4 18  3 WILLIAM     9.7 189.8   55  776
1986 10  5  0 13 MICHAEL    43.9  43.5   56  227
1994  7 19  6 20 DEBBY      46.8  82.5  143  481
1950  5 13  0 20 ERNESTO    53.3 188.1   67  280
1962  8  4  0 21 BERYL      19.9  86.7   70  312
1997  8 27 18  7 FLORENCE   25.6 346.3  135  128
1964 10  8 18  6 CHRIS      30.1 256.3  112  551
1986  6 10  6 20 DEBBY      19.8  33.3  118  551
2004  4 25  0 28 SANDY      59.9  24.3   23  311
2001  5 14  6  3 MICHAEL    34.0  33.4  124  836
1982  2 13  0  1 RAFAEL     37.8  28.4  102  305
1962  1 16 12 24 MICHAEL    11.2 308.4  113  207
1986 12 27 18 17 LESLIE     46.8 121.6   61   47
1979  7 12 12 10 ERNESTO    10.6 131.7  103  543
1999  2  6  0  1 LESLIE     66.4 141.3  128  319
1973  7 16 12 19 HELENE     65.3 253.6   41  550
1962  2 17  0 21 ALBERTO    57.4 144.1   16  764
1953  9 12 18 15 LESLIE     53.6 109.7   52  309
1994  7  5  6  8 HELENE     11.9  60.2   17  198
1992  1  8  0 22 CHRIS      32.2   4.9  113  282
2004  5  1 18 23 GORDON     39.7  86.9  142  625
1973  5  7  0 25 HELENE     39.3 219.3   62  328
1988  5 27 12 20 ERNESTO    39.2 279.0  127  645
1971  5 20 12 18 JOYCE      24.7 213.2   42  663
1967  3 20  0 16 GORDON     65.8  90.3   97  522
1979  4 15  6 25 ALBERTO    19.1 148.0   39  795
1999  8 24  0 18 DEBBY      45.7 128.3   81  596
1968  4 26  0  3 OSCAR      19.5  87.7  128  407
1956  8  5 18 26 TONY       41.5 208.8  101  567
1990  7 22  6 26 TONY       19.2 261.2  106  341
1995  6  3  6 22 NADINE     54.3 333.5   93  828
1951  2 27 12 16 RAFAEL     31.4 255.2   17  392
1954  6 28  0 24 MICHAEL    68.0  27.8  162  696
1990  9 12 12 26 OSCAR      17.0 338.5  110  569
1995  1  5  0 19 RAFAEL     45.5 260.1  113  550
1994  7  8 12  7 TONY       58.4 262.0  134  267
2003  3  5  0 28 RAFAEL     33.4 225.8   72  121
2004  9 14  6 21 OSCAR      54.5 353.8   91  653
1997  4 23  0 26 CHRIS      55.2  49.9   91   76
1973  6 13 18 28 JOYCE      28.5 232.4  136   57
2000 12  5  6 23 SANDY       8.7  30.1   62  389
1983 12 10  0  4 ERNESTO    26.7 208.7  151   90
1965 11 17  6  9 WILLIAM    44.2 180.5  144  282
1999 11 19 18  8 WILLIAM    18.0 336.0  140   61
1981  1 25  6 13 PATTY      60.2 219.8  146  857
1990  5  8  0 11 VALERIE    36.2 232.3  157  585
1987  2 13 12 20 JOYCE      41.7 284.5  113  212
1952  8 22 18  4 RAFAEL     51.4 123.6   53  629
1985  4  7  6 18 BERYL      25.1 300.7  119  228
1963  7 11 18 23 CHRIS      21.3 206.1  150  709
1978  6 18  0 22 JOYCE      11.3 277.5  163  698
1988 10 28  0 17 MICHAEL    30.3 143.5   61  355
1981  8 25 18  2 LESLIE     50.0 286.8   63  499
1996  9  8  6 26 VALERIE    64.8 186.2  157   47
1990  5 12 18 20 PATTY      35.7 260.2  124  291
1994  4 18 12 22 GORDON     12.2 168.8  101  133
1957 12  2  0 15 SANDY      46.5 292.2  117  261
1979 11 22 18 26 VALERIE    41.3 146.1   43  585
2001  9  8 12 21 PATTY      24.1 259.7  142  379
1975  3 17  6 26 BERYL      21.7 163.8   83  138
1975  4 28  6 27 LESLIE     60.6  70.8   84  747
1956  3 26  0  4 HELENE     32.5 233.7   95  556
1952  4 11  6 16 JOYCE      66.7 192.3   67   76
1952  9 13  0  6 RAFAEL     28.9  88.5  159  745
1965  6  9  0 22 PATTY      23.1 150.0  109  374
1979  6 24 18  5 VALERIE    46.2 300.3  161  290
2002  6 20  6 18 JOYCE      60.3 120.3   77  603
1987 11 21  6 21 PATTY      63.1  62.9   65  140
1980  8 23  0  4 ERNESTO    31.5 137.4   20  699
1977  2 10 18  1 LESLIE     25.7 204.7   16  435
1982  9  1 12 24 ERNESTO    11.7  28.1   94  207
2004  5 26 18 18 FLORENCE   17.1 139.0  143   10
1954 10  1 12  2 CHRIS      11.1  50.4   33  183
1964 12 23 18 25 NADINE     58.3 291.9  102  126
1950 12 18 12 11 ISAAC      22.5 239.3   99  678
1971  6  2 12 27 SANDY      45.9 268.4   81  758
1952  3  1  6 27 NADINE     39.0  78.9  127  819
1996  7  6 12  4 NADINE      7.9 184.4   93  500
1972  9 18 18  4 PATTY       8.7  48.3   87   54
1994  5  6  0 14 CHRIS      33.1 133.2  121  400
1997  2  1 18 17 KIRK       23.6 206.0   65  270
1953 10  3 12 12 CHRIS      48.6 270.2   34  787
1996 11 18 12 23 WILLIAM     9.2  36.0  154  851
1955  2 17  6 27 OSCAR      56.8 111.0  150  281
1976  1  1 12 24 TONY       43.7 337.9   60  387
1983  6  3  6  5 PATTY      21.8   8.1   87  312
1968 12 14 18  5 JOYCE      52.3 319.6  148  584
1983  2 26 12  1 FLORENCE   45.2 315.1  120  514
1980  4 13 18  1 JOYCE      36.4 349.9  120  783
1978  3 17 18  1 GORDON     42.5  84.6   14  440
1954 10 15 12 27 NADINE     40.1 111.7  101  545
1967 10 12  0 11 HELENE     28.8 323.2  119  475
1951  9 17 12  6 ISAAC      51.2 150.0   24  563
2001 10  7  0 11 ERNESTO    11.0  44.1   98  288
1980 11 14  6 27 CHRIS      60.3 283.5  126  354
1980 11 21 18 28 KIRK       65.6 153.1   10  451
1998  1 11 18 26 VALERIE    22.8 270.3  102  146
1977  6 23 18  4 FLORENCE   53.2 279.5   48  339
2004  3 14 18 28 KIRK       16.4  50.7   99  873
1951  5 21 12 10 ALBERTO    36.5  86.1   41  645
1987  8 26  0 25 ERNESTO    16.1 167.9   90  138
1957 12 23  0  1 CHRIS      34.7 178.1   60  619
2002 10 19  0 13 RAFAEL     64.6 327.8   14  275
1963  5 14 12 17 WILLIAM    20.6 224.5  161  444
1987  4 12  0  1 ALBERTO    60.6 215.9  139  646
1961  4 24 12 11 SANDY      27.4 350.2  156  252
1965  1 26  0 28 ERNESTO    53.4 284.3   72  582
1999  5 10  6 11 OSCAR      49.1  11.2   42  737
1954  1  3 12  4 ALBERTO    16.3 275.3   90  730
1987  9 12  6 13 SANDY      52.6 239.4  110  823
1995  2  1 18 13 FLORENCE   28.1 108.3   31  615
1980  5 23  0  5 PATTY      65.0  44.7   36  798
1959 10  8  0  7 LESLIE     10.2 156.8   23  602
1989  8 26 18 23 TONY       26.3 348.3  163  570
1999 12 23  0  6 HELENE     42.1 279.3   81  516
1959  9 12  6 17 NADINE     39.0 242.9   36  298
1967 10 19  0 27 SANDY      15.2 315.2   69  782
1976 11  8 18 21 VALERIE     8.2 111.7   30  683
1981 12 12  0  4 TONY       15.4 193.1  154  329
1953 10 10 18  4 CHRIS      67.6 190.7   53  420
1959  7 23  0 13 ISAAC      24.0 333.6   45  124
1960  3  3  0 28 LESLIE     32.0  92.3  116  589
1974 12 27  0 13 GORDON     58.6 108.9  151   40
1994  1 21 12 27 HELENE     17.5 109.1  130  710
1992  5 16  0  4 OSCAR      28.3 101.1   18  323
1984  6 13  6 21 MICHAEL    22.9 310.6   23  119
1998  6 11 12  3 NADINE     10.0 343.3  109  429
1970  8  2 18  4 ALBERTO    55.4 306.9  145  638
1974  1  4  0 15 HELENE     35.6  91.0   21  206
1996  8  4 18 20 BERYL      10.4 225.8  152  846
1999 10 11  6 21 ERNESTO    16.2 340.1  164  119
1986  8  5 12  9 OSCAR      51.0 257.8  106  390
2004  7 10 12 28 ISAAC      60.6 101.2   51  390
1992  9 27  0 24 VALERIE    67.2  33.8   59  753
1962  5  4 18 12 DEBBY      46.0 282.8  157  130
2004  7 13  0  2 JOYCE      65.3 292.3  128  376
1989  4 14 18 16 VALERIE    13.6 345.0  111  760
1982  4 16 12  3 PATTY      65.3 237.8  143   68
1956  1  5 12  5 GORDON     48.7 302.1   70    3
1998  4 27  6 11 TONY       40.1  20.6  104  688
1984 10 10  6 15 WILLIAM    27.8 329.7  136  579
2002  9 19 18 28 WILLIAM    27.6 312.6   68  254
1984 12 10 18  2 SANDY      14.1 116.0   21  366
1990  7 11 18  9 ALBERTO    24.4 292.9   49  103
1982  7 12 12 16 FLORENCE   64.4  70.4   19  789
1995 11 18 18 16 DEBBY      12.2 327.0  113  841
1975  9  1 18 26 MICHAEL    33.8 155.2  101  680
1983  3  5 18 16 ISAAC      64.5 302.1  150  819
1985  8 19  0  7 NADINE     10.8  19.2  120  838
2004  3  7 18  1 WILLIAM    62.1   1.6   36  501
1957  1 25 12 19 VALERIE    20.8 335.3  117  375
1973  5  1 12  3 ISAAC      30.5 258.4   79  215
1969 11 11 18 22 GORDON     23.4   5.3   56  663
1954  5  6 18  5 CHRIS      13.4  56.1  143  690
1970  1 22  6 19 CHRIS      59.3 164.6  155  167
1985  5 16  6 14 SANDY      37.8 327.6   66  197